FID,FID_1,FID_1_1,FID_1_1_1,FID_1_1__1,FID_1_1__2,OBJECTID,NAME,STATE_NAME,STATE_FIPS,CNTY_FIPS,FIPS,POPULATION,POP_SQMI,POP2010,POP10_SQMI,WHITE,BLACK,AMERI_ES,ASIAN,HAWN_PI,HISPANIC,OTHER,MULT_RACE,MALES,FEMALES,AGE_UNDER5,AGE_5_9,AGE_10_14,AGE_15_19,AGE_20_24,AGE_25_34,AGE_35_44,AGE_45_54,AGE_55_64,AGE_65_74,AGE_75_84,AGE_85_UP,MED_AGE,MED_AGE_M,MED_AGE_F,HOUSEHOLDS,AVE_HH_SZ,HSEHLD_1_M,HSEHLD_1_F,MARHH_CHD,MARHH_NO_C,MHH_CHILD,FHH_CHILD,FAMILIES,AVE_FAM_SZ,HSE_UNITS,VACANT,OWNER_OCC,RENTER_OCC,NO_FARMS12,AVE_SIZE12,CROP_ACR12,AVE_SALE12,SQMI,Shape_Leng,SHAPE_Le_1,SHAPE_Area,Count_,Count_1,Count_2,Count_3
0,0,0,0,0,34,34,Monterey,California,06,053,06053,431696,130.199999999999989,415057,125.200000000000003,230717,12785,5464,25258,2071,230003,117405,21357,213431,201626,32547,30577,29037,32624,32481,62077,54820,53254,43218,22921,14744,6757,33.000000000000000,32.299999999999997,33.899999999999999,125946,3.150000000000000,11385,15932,36114,30546,4958,10575,90472,3.660000000000000,139048,13102,64077,61869,1179.000000000000000,1076.000000000000000,358294.000000000000000,2527341.000000000000000,3314.420000000000073,6.495277325810000,6.495277322644760,0.860395957610000,23,1,51,2
1,1,1,1,1,35,35,Santa Cruz,California,06,087,06087,278575,623.600000000000023,262382,587.299999999999955,190208,2766,2253,11112,349,84092,43376,12318,130913,131469,15045,15071,15347,21834,24391,33749,33075,38777,35935,15874,8668,4616,36.799999999999997,35.600000000000001,38.100000000000001,94355,2.660000000000000,11156,13770,19979,23355,2595,6139,57770,3.220000000000000,104476,10121,54229,40126,667.000000000000000,150.000000000000000,41094.000000000000000,848328.000000000000000,446.740000000000009,2.388135303570000,2.388135305908283,0.117217590294000,22,5,26,0
2,2,2,2,2,36,36,Santa Clara,California,06,085,06085,1958087,1508.099999999999909,1781642,1372.200000000000045,836616,46428,12960,570524,7060,479210,220806,87248,893851,887791,124464,121928,113570,114544,113117,269566,278369,263594,185546,106521,62948,27475,36.200000000000003,35.299999999999997,37.100000000000001,604204,2.900000000000000,61728,69778,176144,154396,16072,37138,426824,3.390000000000000,631920,27716,348298,255906,1003.000000000000000,229.000000000000000,38350.000000000000000,243100.000000000000000,1298.390000000000100,3.933259159940000,3.933257476914093,0.341450323668000,40,1,101,0
3,3,3,3,3,37,37,San Benito,California,06,069,06069,59354,42.700000000000003,55269,39.700000000000003,35181,483,895,1443,94,31186,14471,2702,27629,27640,4092,4326,4709,4534,3507,6931,7621,8249,5940,2978,1684,698,34.299999999999997,33.500000000000000,35.200000000000003,16805,3.270000000000000,1199,1390,5559,4647,701,1440,13436,3.610000000000000,17870,1065,10927,5878,628.000000000000000,962.000000000000000,38532.000000000000000,261197.000000000000000,1390.460000000000036,3.718731619290000,3.718731625849251,0.362726417366000,13,2,10,0
4,4,4,4,4,38,38,Ventura,California,06,111,06111,861790,464.100000000000023,823318,443.399999999999977,565804,15163,8068,55446,1643,331567,140253,36941,408969,414349,55336,56970,60390,64407,56183,105460,111083,123704,93476,51396,30870,14043,36.200000000000003,34.799999999999997,37.600000000000001,266920,3.040000000000000,22021,31016,76893,73619,8896,18955,197178,3.470000000000000,281695,14775,174168,92752,2150.000000000000000,131.000000000000000,101084.000000000000000,669829.000000000000000,1857.009999999999991,3.916199299400000,3.916199297139285,0.471858750252000,22,0,76,0
5,5,5,5,5,39,39,Los Angeles,California,06,037,06037,10275545,2514.099999999999909,9818605,2402.300000000000182,4936599,856874,72828,1346865,26094,4687889,2140632,438713,4839654,4978951,645793,633690,678845,753630,752788,1475731,1430326,1368947,1013156,568470,345603,151626,34.799999999999997,33.600000000000001,35.899999999999999,3241204,2.980000000000000,360530,424398,790374,690291,115984,296976,2194080,3.580000000000000,3445076,203872,1544749,1696455,1294.000000000000000,71.000000000000000,59556.000000000000000,149225.000000000000000,4087.190000000000055,8.423151982140000,8.423137780796838,1.036925950300000,81,10,338,0
6,6,6,6,6,40,40,San Diego,California,06,073,06073,3328647,785.700000000000045,3095313,730.600000000000023,1981442,158213,26340,336091,15337,991348,419465,158425,1553679,1541634,203423,194029,198716,225095,270750,470922,420563,430774,329616,180554,116911,53960,34.700000000000003,33.299999999999997,36.100000000000001,1086865,2.750000000000000,120318,140899,263046,268879,31706,81366,720480,3.310000000000000,1164786,77921,591025,495840,5732.000000000000000,39.000000000000000,68219.000000000000000,126657.000000000000000,4236.430000000000291,6.452311933360000,6.452307576557493,1.059106173680000,54,10,176,3
7,7,7,7,7,41,41,Orange,California,06,059,06059,3229809,4042.099999999999909,3010232,3767.300000000000182,1830758,50744,18132,537804,9354,1012973,435641,127799,1488780,1521452,191691,198769,210195,227689,213601,413528,439043,444185,321854,187454,112703,49520,36.200000000000003,34.899999999999999,37.399999999999999,992781,2.990000000000000,87348,120501,275939,262329,28783,65443,708491,3.470000000000000,1048907,56126,588313,404468,312.000000000000000,194.000000000000000,15183.000000000000000,508056.000000000000000,799.039999999999964,2.465737529680000,2.465737523882523,0.201265789190000,41,10,131,0
8,8,8,8,8,42,42,Riverside,California,06,065,06065,2388710,327.100000000000023,2189641,299.800000000000011,1335147,140543,23710,130468,6874,995257,448235,104664,1089576,1100065,162438,167065,177644,187125,154572,282429,293305,292738,213739,140598,85796,32192,33.700000000000003,32.700000000000003,34.600000000000001,686260,3.140000000000000,58397,74097,202045,174336,27090,60935,510241,3.610000000000000,800707,114447,462212,224048,2949.000000000000000,117.000000000000000,227246.000000000000000,352305.000000000000000,7303.149999999999636,7.961679226680000,7.961679232067253,1.840409025940000,45,4,116,6
9,9,9,9,9,43,43,Santa Barbara,California,06,083,06083,449510,163.400000000000006,423895,154.099999999999994,295124,8513,5485,20665,806,181687,73860,19442,212786,211109,27350,26303,26626,38009,43026,57692,50478,54998,45015,26776,18532,9090,33.700000000000003,32.399999999999999,35.100000000000001,142104,2.860000000000000,14680,20578,33171,35663,4207,9675,91600,3.390000000000000,152834,10730,74827,67277,1597.000000000000000,439.000000000000000,132323.000000000000000,737580.000000000000000,2751.179999999999836,7.153537283540000,7.153537263714870,0.700854268033000,34,1,83,2
10,10,10,10,10,44,44,San Luis Obispo,California,06,079,06079,284693,85.799999999999997,269637,81.200000000000003,222756,5550,2536,8507,389,55973,19786,10113,137999,131638,13343,13773,14201,21727,27342,32108,29752,39253,37116,21187,13531,6304,39.399999999999999,37.299999999999997,41.600000000000001,102016,2.480000000000000,11443,15330,19052,30679,2553,5691,63691,2.970000000000000,117315,15299,60920,41096,2666.000000000000000,502.000000000000000,255378.000000000000000,249431.000000000000000,3319.900000000000091,6.481241596520000,6.481241587557726,0.853015303431000,31,1,63,1
11,11,11,11,11,45,45,Kern,California,06,029,06029,897549,110.000000000000000,839631,102.900000000000006,499766,48921,12676,34846,1252,413033,204314,37856,433108,406523,72885,68694,68473,72493,65339,122046,108500,108479,77285,43502,23473,8462,30.699999999999999,30.199999999999999,31.399999999999999,254610,3.150000000000000,23580,25629,74254,58472,12615,28989,191739,3.610000000000000,284367,29757,152828,101782,1938.000000000000000,1202.000000000000000,899395.000000000000000,2063462.000000000000000,8161.350000000000364,7.263192524220000,7.263192518464876,2.095858599970000,45,2,150,6
12,12,12,12,12,46,46,Kings,California,06,031,06031,152405,109.500000000000000,152982,109.900000000000006,83027,11014,2562,5620,271,77866,42996,7492,86344,66638,12877,11564,11324,11356,13158,25589,21878,20282,12924,6844,3809,1377,31.100000000000001,31.899999999999999,30.000000000000000,41233,3.190000000000000,3313,3884,12993,9299,2115,4818,31939,3.590000000000000,43867,2634,22329,18904,1056.000000000000000,638.000000000000000,501500.000000000000000,1732232.000000000000000,1391.390000000000100,2.888418664590000,2.888418660620551,0.360549974377000,10,0,31,0
13,13,13,13,13,47,47,Merced,California,06,047,06047,271689,137.400000000000006,255793,129.400000000000006,148381,9926,3473,18836,583,140485,62665,11929,128737,127056,22226,22167,22115,24451,20195,35060,31967,31007,22645,13205,7717,3038,29.600000000000001,28.699999999999999,30.600000000000001,75642,3.320000000000000,6068,7089,23700,17173,3854,8609,58767,3.740000000000000,83698,8056,41196,34446,2486.000000000000000,394.000000000000000,522593.000000000000000,1193694.000000000000000,1977.259999999999991,3.570339546200000,3.570339543014738,0.519710532410000,17,0,42,2
14,14,14,14,14,48,48,Fresno,California,06,019,06019,989303,164.599999999999994,930450,154.800000000000011,515145,49523,15649,89357,1405,468070,217085,42286,464811,465639,78980,75040,75409,81306,75290,132729,114369,115052,88854,49499,30304,13618,30.699999999999999,29.800000000000001,31.699999999999999,289391,3.150000000000000,25309,32003,79406,65116,13201,33947,214445,3.630000000000000,315531,26140,158691,130700,5683.000000000000000,303.000000000000000,1153351.000000000000000,875073.000000000000000,6011.149999999999636,9.157573883120000,9.157563496735332,1.571199148910000,34,0,84,2
15,15,15,15,15,49,49,Madera,California,06,039,06039,156213,72.500000000000000,150865,70.099999999999994,94456,5629,4136,2802,162,80992,37380,6300,72682,78183,11983,11756,11755,12224,11032,20562,19167,19291,15833,9868,5468,1926,33.100000000000001,31.500000000000000,34.299999999999997,43317,3.280000000000000,3342,3909,12660,12558,2056,4020,34093,3.630000000000000,49140,5823,27726,15591,1507.000000000000000,434.000000000000000,304248.000000000000000,1063548.000000000000000,2153.289999999999964,5.014815609460000,5.014812976289463,0.566175217135000,14,1,36,0
16,16,16,16,16,50,50,Tulare,California,06,107,06107,467780,96.700000000000003,442179,91.400000000000006,265618,7196,6993,15176,509,268065,128263,18424,221442,220737,41074,39950,38926,39043,32457,61859,54685,52351,40055,22946,13474,5359,29.600000000000001,28.800000000000001,30.500000000000000,130352,3.360000000000000,9512,12076,41260,30089,7285,15261,102856,3.740000000000000,141696,11344,76586,53766,4931.000000000000000,251.000000000000000,677506.000000000000000,814657.000000000000000,4838.619999999999891,5.371557443370000,5.371557445051105,1.256112510460000,26,0,102,3
17,17,17,17,17,51,51,Inyo,California,06,027,06027,18416,1.800000000000000,18546,1.800000000000000,13741,109,2121,243,16,3597,1676,640,9354,9192,1070,985,1134,1087,865,2020,1969,2961,2920,1818,1196,521,45.500000000000000,44.500000000000000,46.399999999999999,8049,2.250000000000000,1432,1297,1266,2346,245,540,4833,2.880000000000000,9478,1429,5121,2928,125.000000000000000,2647.000000000000000,18670.000000000000000,156903.000000000000000,10227.100000000000364,8.873535124269999,8.873535123535444,2.664796551300000,15,0,36,2
18,18,18,18,18,52,52,San Bernardino,California,06,071,06071,2153382,107.099999999999994,2035210,101.200000000000003,1153161,181862,22689,128603,6870,1001145,439661,102364,1011507,1023703,158790,157368,168792,179627,159908,282091,272949,277294,197043,103495,56979,20874,31.699999999999999,30.600000000000001,32.799999999999997,611618,3.260000000000000,50015,58080,183731,143196,27937,67392,470440,3.680000000000000,699637,88019,383573,228045,1249.000000000000000,62.000000000000000,29827.000000000000000,466157.000000000000000,20105.659999999999854,10.456291262100001,10.456291270192420,5.132244925290000,49,6,186,9
19,19,19,19,19,53,53,Mendocino,California,06,045,06045,89584,25.500000000000000,87841,25.000000000000000,67218,622,4277,1450,119,19505,10185,3970,43983,43858,5347,5259,5390,5613,4874,10704,10268,12476,14417,7556,3983,1954,41.600000000000001,40.000000000000000,43.299999999999997,34945,2.460000000000000,4782,5600,6044,9412,1345,2649,21591,3.020000000000000,40323,5378,20601,14344,1220.000000000000000,631.000000000000000,49298.000000000000000,122047.000000000000000,3512.090000000000146,6.278470497710000,6.278470512436553,0.951736465526000,22,0,41,3
20,20,20,20,20,54,54,San Francisco,California,06,075,06075,871042,18384.200000000000728,805235,16995.299999999999272,390387,48870,4024,267915,3359,121774,53021,37659,408462,396773,35203,28462,26299,34606,60618,168120,133682,111807,96596,54322,38029,17491,38.500000000000000,38.500000000000000,38.500000000000000,345811,2.260000000000000,66729,66637,43772,65665,4834,13707,151029,3.110000000000000,376942,31131,123646,222165,6.000000000000000,2.000000000000000,9.000000000000000,0.000000000000000,47.380000000000003,1.180584935940000,1.180584924740031,0.012547338040200,13,0,19,0
21,21,21,21,21,55,55,Marin,California,06,041,06041,261748,498.000000000000000,252409,480.199999999999989,201963,6987,1523,13761,509,39069,16973,10693,124072,128337,13932,15481,14241,12798,10308,24836,36478,42055,40088,23211,12425,6556,44.500000000000000,43.100000000000001,46.000000000000000,103210,2.360000000000000,11939,19807,21859,27800,2295,5405,62653,2.940000000000000,111214,8004,64637,38573,323.000000000000000,529.000000000000000,14409.000000000000000,284237.000000000000000,525.629999999999995,4.140216938320000,4.140219693372949,0.139779141496000,9,0,21,1
22,22,22,22,22,56,56,San Mateo,California,06,081,06081,763610,1672.099999999999909,718451,1573.200000000000045,383535,20436,3306,178118,10317,182502,84529,38210,353168,365283,46360,44729,42463,41249,40098,99334,108100,110669,89187,49985,30973,15304,39.200000000000003,37.799999999999997,40.600000000000001,257837,2.750000000000000,26483,36736,65709,69501,6185,14909,175607,3.280000000000000,271031,13194,153110,104727,334.000000000000000,144.000000000000000,8477.000000000000000,227212.000000000000000,456.680000000000007,2.679807587570000,2.679807597580456,0.120397654261000,48,0,77,1
23,23,23,23,23,57,57,Contra Costa,California,06,013,06013,1135585,1494.900000000000091,1049025,1380.900000000000091,614512,97161,6122,151469,4845,255560,112691,62225,511526,537499,67018,72285,74444,73766,59943,129643,148650,164080,128758,70719,40347,19372,38.399999999999999,37.000000000000000,39.600000000000001,375364,2.770000000000000,34478,50577,99001,100020,10989,28421,265280,3.260000000000000,400263,24899,251904,123460,602.000000000000000,212.000000000000000,46531.000000000000000,148436.000000000000000,759.659999999999968,3.072648631670000,3.072648636570686,0.201596479941000,17,4,43,0
24,24,24,24,24,58,58,Sonoma,California,06,097,06097,509142,320.199999999999989,483878,304.300000000000011,371412,7610,6489,18341,1558,120430,56966,21502,237902,245976,28199,29263,29724,33298,32068,61297,60603,73518,68544,35544,20614,11206,39.799999999999997,37.899999999999999,41.600000000000001,185825,2.550000000000000,20404,30266,38463,49076,5900,12118,117114,3.110000000000000,204572,18747,112280,73545,3579.000000000000000,165.000000000000000,130632.000000000000000,272253.000000000000000,1590.019999999999982,4.106476783980000,4.106481910012516,0.425446523189000,18,1,62,0
25,25,25,25,25,59,59,Napa,California,06,055,06055,143012,181.400000000000006,136484,173.099999999999994,97525,2668,1058,9223,372,44010,20058,5580,68159,68325,8131,8576,9040,9473,8289,16755,17851,19932,17843,10522,6576,3496,39.700000000000003,38.200000000000003,41.100000000000001,48876,2.690000000000000,4676,7688,11658,13832,1496,3097,33053,3.230000000000000,54759,5883,30597,18279,1685.000000000000000,150.000000000000000,63049.000000000000000,318188.000000000000000,788.440000000000055,2.803498831740000,2.803498842869431,0.210900872386000,14,0,32,0
26,26,26,26,26,60,60,Solano,California,06,095,06095,439903,494.399999999999977,413344,464.600000000000023,210751,60750,3212,60473,3564,99356,43236,31358,206195,207149,26852,27311,28575,30484,28761,54914,54423,63950,51227,25997,14838,6012,36.899999999999999,35.600000000000001,38.100000000000001,141758,2.830000000000000,13272,17801,34815,37711,5144,13311,101989,3.300000000000000,152698,10940,89648,52110,860.000000000000000,473.000000000000000,169637.000000000000000,357463.000000000000000,889.750000000000000,2.758081859890000,2.758081865550649,0.237235861266000,30,1,59,1
27,27,27,27,27,61,61,Alameda,California,06,001,06001,1647386,2214.000000000000000,1510271,2029.799999999999955,649122,190451,9799,394560,12802,339889,162540,90997,740573,769698,97652,94546,91070,100394,107049,228204,227491,222617,173502,90437,52576,24733,36.600000000000001,35.600000000000001,37.500000000000000,545138,2.700000000000000,62350,79576,130014,123671,14625,41773,352423,3.300000000000000,582549,37411,291242,253896,452.000000000000000,393.000000000000000,20347.000000000000000,127261.000000000000000,744.059999999999945,3.845509280340000,3.845509767798812,0.196742573048000,42,3,107,0
28,28,28,28,28,62,62,San Joaquin,California,06,077,06077,744029,521.600000000000023,685306,480.399999999999977,349287,51744,7196,98472,3758,266341,131054,43795,341230,344076,54228,54810,56165,58382,48451,90815,90738,91839,68697,38530,22709,9942,32.700000000000003,31.500000000000000,33.899999999999999,215007,3.120000000000000,18734,23655,62177,50231,9830,22624,161057,3.590000000000000,233755,18748,127270,87737,3580.000000000000000,220.000000000000000,517918.000000000000000,628536.000000000000000,1426.470000000000027,3.291045527410000,3.291046477934736,0.378631330870000,27,8,91,0
29,29,29,29,29,63,63,Stanislaus,California,06,099,06099,540604,357.100000000000023,514453,339.800000000000011,337342,14721,5902,26090,3401,215658,99210,27787,254489,259964,39779,40013,41276,42807,37119,70194,66726,69558,52150,29637,17785,7409,32.899999999999999,31.699999999999999,34.100000000000001,165180,3.080000000000000,13938,17985,47179,40837,7508,15905,124032,3.520000000000000,179503,14323,99364,65816,4143.000000000000000,185.000000000000000,340890.000000000000000,537807.000000000000000,1513.839999999999918,3.915068428010000,3.915065050955369,0.399822151765000,19,2,30,4
30,30,30,30,30,64,64,Sacramento,California,06,067,06067,1513201,1522.500000000000000,1418788,1427.500000000000000,815151,147058,14308,203211,13858,306196,131691,93511,694793,723995,101063,98112,99820,105680,101908,206646,190835,200536,155637,83295,52193,23063,34.799999999999997,33.600000000000001,36.100000000000001,513945,2.710000000000000,57076,76350,115571,116249,18283,49318,338982,3.310000000000000,555932,41987,295482,218463,1352.000000000000000,183.000000000000000,105721.000000000000000,241559.000000000000000,993.919999999999959,3.281185833460000,3.281185832567914,0.265659670102000,25,4,72,1
31,31,31,31,31,65,65,Yolo,California,06,113,06113,216044,211.099999999999994,200849,196.300000000000011,126883,5208,2214,26052,910,60953,27882,11700,97935,102914,12577,12235,12693,19318,27185,28168,23913,24830,20159,10570,6227,2974,30.500000000000000,29.800000000000001,31.199999999999999,70872,2.740000000000000,6984,9267,16635,16100,1912,5168,44101,3.260000000000000,75054,4182,37416,33456,1011.000000000000000,456.000000000000000,306915.000000000000000,555134.000000000000000,1023.360000000000014,3.373516421260000,3.373516421084030,0.274417662103000,22,1,40,2
32,32,32,32,32,66,66,Colusa,California,06,011,06011,22344,19.300000000000001,21419,18.500000000000000,13854,195,419,281,68,11804,5838,764,11012,10407,1841,1733,1692,1773,1287,2780,2678,2767,2373,1367,779,349,33.500000000000000,32.500000000000000,34.600000000000001,7056,3.000000000000000,726,749,2180,1853,270,556,5286,3.500000000000000,7883,827,4318,2738,782.000000000000000,579.000000000000000,285689.000000000000000,738251.000000000000000,1156.420000000000073,3.239631662380000,3.239630239816642,0.312215737592000,10,0,17,2
33,33,33,33,33,67,67,Glenn,California,06,021,06021,28774,21.699999999999999,28122,21.199999999999999,19990,231,619,722,24,10539,5522,1014,14191,13931,2178,2115,2227,2156,1770,3510,3343,3835,3251,2046,1185,506,35.299999999999997,34.399999999999999,36.200000000000003,9800,2.840000000000000,1024,1156,2575,2782,395,774,7114,3.320000000000000,10778,978,6100,3700,1311.000000000000000,510.000000000000000,274310.000000000000000,486165.000000000000000,1327.019999999999982,3.359312586420000,3.359312586812991,0.360407988039000,11,0,21,2
34,34,34,34,34,68,68,Lake,California,06,033,06033,65976,49.600000000000001,64665,48.600000000000001,52033,1232,2049,724,108,11088,5455,3064,32469,32196,3633,3574,3888,4190,3362,6603,7095,10255,10625,6553,3502,1385,45.000000000000000,43.799999999999997,45.899999999999999,26548,2.390000000000000,3913,3970,4061,7381,926,2051,16255,2.940000000000000,35492,8944,17472,9076,838.000000000000000,180.000000000000000,29106.000000000000000,118691.000000000000000,1329.460000000000036,3.698254412430000,3.698254398627075,0.358546770717000,11,0,25,0
35,35,35,35,35,69,69,Tehama,California,06,103,06103,65042,22.000000000000000,63463,21.399999999999999,51721,406,1644,656,76,13906,6258,2702,31610,31853,4409,4326,4431,4654,3656,7088,7316,9254,8258,5720,3172,1179,39.500000000000000,38.100000000000001,40.799999999999997,23767,2.630000000000000,2620,3092,4964,7190,907,2024,16642,3.090000000000000,26987,3220,15363,8404,1743.000000000000000,354.000000000000000,89348.000000000000000,138163.000000000000000,2962.230000000000018,5.195822040750000,5.195818387030246,0.810624872762000,17,0,52,4
36,36,36,36,36,70,70,Butte,California,06,007,06007,229177,136.599999999999994,220000,131.199999999999989,180096,3415,4395,9057,452,31116,12141,10444,108931,111069,12409,12439,12911,17841,22818,26681,23329,28877,28878,17185,10962,5670,37.100000000000001,35.200000000000003,39.200000000000003,87618,2.450000000000000,10850,13570,14642,22980,2804,6466,52529,2.990000000000000,95835,8217,50991,36627,2056.000000000000000,185.000000000000000,227279.000000000000000,263265.000000000000000,1677.420000000000073,4.290421503040000,4.290421499594246,0.456018533808000,19,0,38,0
37,37,37,37,37,71,71,Sutter,California,06,101,06101,97309,159.900000000000006,94737,155.699999999999989,57749,1919,1365,13663,281,27251,14463,5297,47001,47736,7153,7292,7146,7377,6286,12666,11980,12742,10105,6490,3979,1521,34.600000000000001,33.299999999999997,35.899999999999999,31437,2.980000000000000,2796,3806,8719,8461,1249,2678,23243,3.460000000000000,33858,2421,19212,12225,1358.000000000000000,276.000000000000000,275849.000000000000000,374209.000000000000000,608.549999999999955,2.799068521460000,2.799068512061021,0.163972423097000,7,0,18,0
38,38,38,38,38,72,72,Yuba,California,06,115,06115,76307,118.599999999999994,72155,112.099999999999994,49332,2361,1675,4862,293,18051,8545,5087,36352,35803,6217,5872,5547,5466,5395,10413,8875,9548,7567,4181,2311,763,32.200000000000003,31.500000000000000,32.899999999999999,24307,2.920000000000000,2566,2598,6438,5962,1125,2385,17548,3.390000000000000,27635,3328,14468,9839,795.000000000000000,236.000000000000000,89761.000000000000000,243332.000000000000000,643.570000000000050,2.873099033480000,2.873099025965600,0.173979001733000,10,1,16,0
39,39,39,39,39,73,73,Placer,California,06,061,06061,381674,254.099999999999994,348432,232.000000000000000,290977,4751,3011,20435,778,44710,13375,15105,170151,178281,20851,23604,24986,24298,17936,39173,46565,53339,44118,28990,17318,7254,40.299999999999997,38.899999999999999,41.500000000000000,132627,2.600000000000000,12149,18347,33765,41744,3621,7634,93536,3.070000000000000,152648,20021,94223,38404,1355.000000000000000,67.000000000000000,33607.000000000000000,32057.000000000000000,1502.069999999999936,4.406556161790000,4.406556163616769,0.404890800944000,20,2,41,2
40,40,40,40,40,74,74,Lassen,California,06,035,06035,32275,6.800000000000000,34895,7.400000000000000,25532,2834,1234,356,165,6117,3562,1212,22416,12479,1625,1595,1853,2107,2831,6337,5513,5447,4113,1984,1041,449,37.000000000000000,35.500000000000000,40.899999999999999,10058,2.500000000000000,1348,1231,2068,3094,413,710,6800,2.980000000000000,12710,2652,6590,3468,448.000000000000000,1077.000000000000000,70870.000000000000000,162212.000000000000000,4720.420000000000073,5.974293789640000,5.974293791363094,1.302161961400000,11,0,37,3
41,41,41,41,41,75,75,Plumas,California,06,063,06063,19292,7.400000000000000,20007,7.700000000000000,17797,192,539,134,18,1605,603,724,10003,10004,883,968,1022,1293,930,1698,1908,3226,3925,2534,1196,424,49.500000000000000,48.899999999999999,50.100000000000001,8977,2.200000000000000,1370,1306,1243,3311,243,474,5661,2.680000000000000,15566,6589,6235,2742,141.000000000000000,1236.000000000000000,25970.000000000000000,160404.000000000000000,2613.280000000000200,5.268349201860000,5.268349209548559,0.713883785306000,12,0,48,3
42,42,42,42,42,76,76,Humboldt,California,06,023,06023,138972,38.799999999999997,134623,37.600000000000001,109920,1505,7726,2944,352,13211,5003,7173,67595,67028,7738,7324,7242,9531,11878,19995,15068,18749,19373,9671,5489,2565,37.299999999999997,36.100000000000001,38.600000000000001,56031,2.310000000000000,8769,9055,8292,13319,2189,4071,31079,2.910000000000000,61559,5528,30820,25211,930.000000000000000,638.000000000000000,20936.000000000000000,218559.000000000000000,3582.960000000000036,6.297137266260000,6.297137277551834,0.988766793387000,19,0,57,2
43,43,43,43,43,77,77,Del Norte,California,06,015,06015,27363,27.000000000000000,28610,28.199999999999999,21098,993,2244,965,32,5093,1980,1298,15907,12703,1703,1567,1718,1870,1799,4081,3832,4450,3717,2153,1263,457,39.000000000000000,37.399999999999999,42.200000000000003,9907,2.500000000000000,1278,1510,1748,2712,402,884,6379,3.050000000000000,11186,1279,6114,3793,121.000000000000000,0.000000000000000,8609.000000000000000,294639.000000000000000,1013.669999999999959,3.171873432570000,3.171873440672561,0.284163120061000,4,0,16,1
44,44,44,44,44,81,81,Trinity,California,06,105,06105,13367,4.200000000000000,13786,4.300000000000000,12033,59,655,94,16,959,217,712,7113,6673,618,640,744,789,544,1271,1388,2326,2697,1674,837,258,49.200000000000003,49.000000000000000,49.399999999999999,6083,2.200000000000000,1133,816,746,2001,230,321,3620,2.730000000000000,8681,2598,4284,1799,247.000000000000000,712.000000000000000,2084.000000000000000,20894.000000000000000,3207.590000000000146,6.252594275810000,6.252594263493429,0.884537428564000,7,0,25,2
45,45,45,45,45,82,82,Shasta,California,06,089,06089,181656,47.200000000000003,177223,46.100000000000001,153726,1548,4950,4391,271,14878,4501,7836,87130,90093,10268,10537,11394,12439,11003,19957,19567,26585,25506,16551,9446,3970,41.799999999999997,40.200000000000003,43.399999999999999,70346,2.480000000000000,8020,10165,12667,21768,2442,5529,46981,2.940000000000000,77313,6967,45277,25069,1544.000000000000000,244.000000000000000,36855.000000000000000,42501.000000000000000,3847.440000000000055,5.740125150030000,5.740125218583890,1.062753856880000,30,0,114,4
46,46,46,46,46,83,83,Siskiyou,California,06,093,06093,45000,7.100000000000000,44900,7.100000000000000,38030,571,1814,540,80,4615,1491,2374,22395,22505,2473,2410,2726,2757,2178,4277,4536,6910,7851,4941,2689,1152,46.799999999999997,45.500000000000000,47.899999999999999,19505,2.280000000000000,2830,3237,2930,6254,615,1335,12065,2.820000000000000,23910,4405,12629,6876,929.000000000000000,778.000000000000000,194828.000000000000000,240146.000000000000000,6347.520000000000437,7.290896685420000,7.290896699546415,1.775324199050000,13,0,84,4
47,47,47,47,47,84,84,Modoc,California,06,049,06049,9489,2.300000000000000,9686,2.300000000000000,8084,82,370,78,21,1342,680,371,4878,4808,545,564,602,604,422,904,1062,1444,1634,1108,570,227,46.000000000000000,45.200000000000003,46.700000000000003,4064,2.300000000000000,597,597,639,1364,131,276,2611,2.800000000000000,5192,1128,2786,1278,437.000000000000000,1198.000000000000000,154728.000000000000000,243950.000000000000000,4203.460000000000036,4.541307608760000,4.541307603880546,1.175602108300000,9,0,28,0
48,48,48,48,48,88,88,Calaveras,California,06,009,06009,44859,43.299999999999997,45578,44.000000000000000,40522,383,689,571,79,4703,1534,1800,22822,22756,1992,2239,2770,2893,1883,3608,4605,7565,8458,5809,2784,972,49.100000000000001,48.299999999999997,49.799999999999997,18886,2.390000000000000,2237,2430,3211,7419,463,989,13039,2.810000000000000,27925,9039,14520,4366,663.000000000000000,320.000000000000000,6059.000000000000000,39222.000000000000000,1036.539999999999964,3.023089795680000,3.023089777782735,0.276132853089000,15,0,37,0
49,49,49,49,49,89,89,Mariposa,California,06,043,06043,18014,12.300000000000001,18251,12.500000000000000,16103,138,527,204,26,1676,508,745,9269,8982,775,821,987,1026,827,1651,1828,3232,3283,2253,1186,382,49.200000000000003,48.899999999999999,49.399999999999999,7693,2.280000000000000,1116,1072,1175,2856,183,353,4948,2.770000000000000,10188,2495,5227,2466,364.000000000000000,779.000000000000000,12575.000000000000000,61322.000000000000000,1463.069999999999936,3.504623989300000,3.504625058161939,0.386531937777000,15,0,13,0
50,50,50,50,50,90,90,Tuolumne,California,06,109,06109,55346,24.300000000000001,55365,24.300000000000001,48274,1143,1039,572,76,5918,2238,2023,29245,26120,2328,2501,2920,3210,2951,6077,6018,8597,9469,6187,3632,1475,47.100000000000001,44.799999999999997,49.799999999999997,22156,2.300000000000000,2826,3437,3255,7866,675,1230,14278,2.770000000000000,31244,9088,15471,6685,391.000000000000000,225.000000000000000,2785.000000000000000,70720.000000000000000,2276.530000000000200,5.206753480920000,5.206753760237422,0.605018172116000,16,0,26,0
51,51,51,51,51,91,91,Amador,California,06,005,06005,37913,62.600000000000001,38091,62.899999999999999,33149,962,678,419,77,4756,1450,1356,20749,17342,1431,1655,1881,2288,1648,3640,4518,6369,6796,4455,2408,1002,48.200000000000003,46.299999999999997,50.799999999999997,14569,2.300000000000000,1688,2215,2315,5548,384,724,9793,2.750000000000000,18032,3463,10883,3686,461.000000000000000,337.000000000000000,16022.000000000000000,69345.000000000000000,606.019999999999982,2.927390181330000,2.927390165100192,0.161972846277000,20,0,28,0
52,52,52,52,52,92,92,El Dorado,California,06,017,06017,191254,107.099999999999994,181058,101.400000000000006,156793,1409,2070,6297,294,21875,7278,6917,90571,90487,9513,11126,12506,12522,8958,17244,22203,32346,28116,15437,7969,3118,43.500000000000000,42.600000000000001,44.500000000000000,70223,2.550000000000000,7357,8143,16104,24168,1975,3803,49718,2.990000000000000,88159,17936,51391,18832,1358.000000000000000,95.000000000000000,11130.000000000000000,22465.000000000000000,1786.410000000000082,3.823069377340000,3.823066561276177,0.479640517909000,13,2,37,0
53,53,53,53,53,93,93,Alpine,California,06,003,06003,1080,1.500000000000000,1175,1.600000000000000,881,0,240,7,0,84,19,28,606,569,71,80,69,55,51,97,136,215,235,109,51,6,46.399999999999999,47.399999999999999,45.399999999999999,497,2.320000000000000,89,57,82,149,19,28,297,2.920000000000000,1760,1263,357,140,3.000000000000000,0.000000000000000,563.000000000000000,88444.000000000000000,743.600000000000023,2.173931981910000,2.173931988425383,0.199153740964000,14,0,13,0
54,54,54,54,54,95,95,Mono,California,06,051,06051,13680,4.400000000000000,14202,4.500000000000000,11697,47,302,192,11,3762,1539,414,7548,6654,893,828,770,820,1118,2253,1909,2342,1892,922,376,79,37.200000000000003,37.100000000000001,37.299999999999997,5768,2.420000000000000,956,636,1224,1632,150,237,3415,2.980000000000000,13912,8144,3228,2540,72.000000000000000,783.000000000000000,11378.000000000000000,249664.000000000000000,3131.099999999999909,5.692465116130000,5.692465116928770,0.831155691989000,18,0,33,1
55,55,55,55,55,97,97,Nevada,California,06,057,06057,101215,103.900000000000006,98764,101.299999999999997,90233,389,1044,1187,110,8439,2678,3123,48835,49929,4365,4950,5798,6091,4439,9654,10485,15826,17982,10598,5817,2759,47.500000000000000,46.000000000000000,48.799999999999997,41527,2.350000000000000,4669,6267,7169,14544,1166,2252,27254,2.800000000000000,52590,11063,29890,11637,742.000000000000000,57.000000000000000,3349.000000000000000,12256.000000000000000,974.519999999999982,3.586670941160000,3.586670948643873,0.263561519070000,18,0,18,2
56,56,56,56,56,98,98,Sierra,California,06,091,06091,3079,3.200000000000000,3240,3.400000000000000,3022,6,44,12,2,269,75,79,1646,1594,147,131,156,170,118,243,335,571,693,396,207,73,51.000000000000000,50.600000000000001,51.299999999999997,1482,2.160000000000000,239,224,197,553,42,63,926,2.670000000000000,2328,846,1065,417,48.000000000000000,815.000000000000000,4019.000000000000000,0.000000000000000,962.039999999999964,3.063210452230000,3.063210458903894,0.261215777044000,11,0,8,0
57,57,57,57,57,120,120,Imperial,California,06,025,06025,182795,40.799999999999997,174528,38.899999999999999,102553,5773,3059,2843,165,140271,52413,7722,89646,84882,13526,13841,14536,15047,13188,24197,22941,22497,16603,9791,6356,2005,32.000000000000000,31.000000000000000,33.200000000000003,49126,3.340000000000000,4091,4277,15665,10748,1971,6703,39170,3.760000000000000,56067,6941,27465,21661,421.000000000000000,1225.000000000000000,487892.000000000000000,4486079.000000000000000,4480.890000000000327,5.036639041570000,5.036639040952199,1.120263974560000,21,0,72,4